A-list:

  2  3  4  5  6  7  8  9 10 11 12 13 14 15 19 20 23 26
 15  8 17  2 12 24 18  5 25 26  9 22 10 21 29 27  4 30

  2  3  4  5  6  7  8  9 10 11 12 13 14 15 16 18 23 26
 17  4 23  8  3  6 18 26 19 10 15 28  9 27 25 13 20  2

  2  3  4  5  6  7  8  9 10 11 12 13 14 15 16 17 21 27
 23 15  9 17 27 11  2  6 28 12 22 30 24 16  7  8 20 19

  2  3  4  5  6  7  8  9 10 11 12 13 14 15 18 23 24 26
 24 15 25 22 13 27  5 29  3 23 17  8 19  2  9 20 14  4

  2  3  4  5  6  7  8  9 10 11 12 13 14 15 16 19 21 28
 25 14  2 20 29 13 22 19  6  9 24  3 15  4 11 23 27  7

  2  3  4  5  6  7  8  9 10 11 12 13 14 16 17 19 23 27
  7 21 23 27  4 25 14 15 30 22 19 12  2  5 10  3 18 20

  2  3  4  5  6  7  8  9 10 11 12 13 14 16 18 23 24 28
  8 10  2  6 22 16 12 27 25 17 19 26 29 20 21 24 11 13

  2  3  4  5  6  7  8  9 10 11 12 13 14 16 18 21 23 25
 25  8 16 26 27 14  4 11 19 15  9 17 10 13  7 20  3  5

  2  3  4  5  6  7  8  9 10 11 12 13 14 16 17 21 24 26
 28 15  7 27  4  2 16 13  9  8  6 18 12 17 11 24  5 14

  2  3  4  5  6  7  8  9 10 11 12 13 15 16 17 23 24 28
  9 18 20 24 26 27 10 22 23 25  3 14 17 30 21 11  5 19

  2  3  4  5  6  7  8  9 10 11 12 13 15 17 22 23 26 27
 24 20  9  3 21 18 19  4 13 27 25 12  2 16 17 15 10  5
